5
2
2
0 0 20 6 0 -1
0 3 20 3 0 2
haar_y2
3.187393e-02 0 1
2
0 0 12 20 0 -1
3 0 6 20 0 2
haar_x4
1.447697e-02 -1 -2
-9.102045e-01 -8.735179e-01 7.660089e-01 
2
2
11 8 3 1 0 -1
12 8 1 1 0 3
haar_x3
5.325066e-03 1 0
2
15 7 1 3 0 -1
15 8 1 1 0 3
haar_y3
-6.334928e-03 -1 -2
7.484856e-01 8.162439e-01 -4.183078e-01 
2
2
6 2 13 3 0 -1
5 3 13 1 0 3
tilted_haar_y3
-7.022980e-02 0 1
2
8 7 2 1 0 -1
9 7 1 1 0 2
haar_x2
5.742279e-03 -1 -2
9.733046e-01 -8.889529e-01 8.984413e-01 
2
2
9 12 3 2 0 -1
10 12 1 2 0 3
haar_x3
-1.749724e-02 1 0
3
2 9 16 2 0 -1
10 9 8 1 0 2
2 10 8 1 0 2
haar_x2_y2
2.794873e-02 -1 -2
-8.676161e-01 -8.540516e-01 9.404211e-01 
2
2
0 14 7 6 0 -1
0 17 7 3 0 2
haar_y2
-4.572498e-03 1 0
2
0 0 8 6 0 -1
0 3 8 3 0 2
haar_y2
2.175660e-03 -1 -2
-9.808093e-01 -9.894783e-01 8.720319e-01 
-1.046256e+00

1
-1
