5
2
2
0 15 20 5 0 -1
5 15 10 5 0 2
haar_x4
2.577163e-02 0 1
2
8 4 4 12 0 -1
8 10 4 6 0 2
haar_y2
1.538269e-02 -1 -2
-9.317216e-01 7.628924e-01 -9.791083e-01 
2
2
0 0 20 6 0 -1
0 3 20 3 0 2
haar_y2
3.760599e-02 0 1
2
0 14 20 6 0 -1
0 17 20 3 0 2
haar_y2
-3.204429e-02 -1 -2
-8.662466e-01 3.930672e-01 -8.989810e-01 
2
2
0 0 20 5 0 -1
5 0 10 5 0 2
haar_x4
2.079216e-02 0 1
2
1 0 18 16 0 -1
1 8 18 8 0 2
haar_y2
-2.148817e-02 -1 -2
-8.511828e-01 -9.912415e-01 7.757631e-01 
2
2
13 9 2 3 0 -1
13 10 2 1 0 3
haar_y3
-1.611719e-02 1 0
3
5 8 14 2 0 -1
12 8 7 1 0 2
5 9 7 1 0 2
haar_x2_y2
-2.171910e-02 -1 -2
-3.439956e-01 8.272303e-01 -3.357738e-01 
2
2
0 4 20 16 0 -1
0 12 20 8 0 2
haar_y2
2.785619e-02 1 0
2
2 6 16 10 0 -1
2 11 16 5 0 2
haar_y2
-4.025718e-02 -1 -2
-9.855181e-01 -9.916350e-01 7.831389e-01 
-9.424720e-01

0
-1
