3
2
2
9 10 1 2 0 -1
9 11 1 1 0 2
haar_y2
1.992716e-03 1 0
2
6 11 3 1 0 -1
7 11 1 1 0 3
haar_x3
-5.718712e-03 -1 -2
9.058055e-01 9.393939e-01 -9.792499e-01 
2
2
10 6 3 1 0 -1
11 6 1 1 0 3
haar_x3
4.952930e-03 1 0
3
11 7 2 2 0 -1
12 7 1 1 0 2
11 8 1 1 0 2
haar_x2_y2
-3.461879e-03 -1 -2
9.546453e-01 9.678395e-01 -3.658385e-01 
2
2
7 6 3 1 0 -1
8 6 1 1 0 3
haar_x3
4.028134e-03 1 0
3
7 7 2 2 0 -1
7 7 1 1 0 2
8 8 1 1 0 2
haar_x2_y2
3.854881e-03 -1 -2
9.511885e-01 -9.494964e-01 9.809523e-01 
-4.095294e-01

-1
-1
